600000	
3	3
3	4
3	4
3	5
3	17
3	18
3	26
3	49
3	70
4	1
4	9
4	16
4	23
4	45
4	83
5	7
5	26
5	46
5	54
5	67
5	71
5	74
5	96
6	15
6	35
6	47
6	74
7	1
7	27
7	66
8	12
8	23
8	68
8	86
9	41
9	46
9	77
9	93
10	12
10	29
10	40
10	87
11	36
11	41
11	64
11	73
11	80
11	89
12	1
12	33
12	57
12	92
13	21
13	59
13	63
13	77
13	82
13	100
14	8
14	11
14	20
14	28
14	57
14	57
14	71
14	81
14	98
15	2
15	21
15	51
15	72
15	97
16	1
16	12
16	29
16	64
16	66
16	79
17	39
17	41
17	85
17	93
18	6
18	16
18	30
18	58
18	67
18	92
19	31
19	79
20	1
20	38
20	39
20	58
20	67
20	75
20	83
21	2
21	13
21	26
21	68
21	87
21	91
22	24
22	25
22	28
22	63
23	5
23	13
23	18
23	22
23	26
23	32
23	44
23	51
23	85
23	100
24	44
24	63
24	68
24	98
25	11
25	19
25	46
26	12
26	34
26	65
26	70
26	91
27	7
28	3
28	8
28	11
28	50
28	52
28	55
28	58
28	65
28	66
28	85
28	96
29	37
29	40
29	52
29	53
29	62
29	76
29	97
30	12
30	30
31	11
31	45
31	98
32	36
32	50
32	61
32	94
33	76
33	77
33	95
33	95
34	2
34	3
34	10
34	10
34	65
34	82
35	33
35	52
35	69
35	97
36	39
36	56
36	79
37	1
37	49
38	22
38	30
38	39
38	40
38	72
39	13
39	29
39	87
39	98
40	48
40	61
40	86
40	86
41	10
41	77
42	33
42	37
42	39
42	82
43	64
43	70
43	81
43	96
43	100
44	18
44	27
44	33
44	38
44	59
44	62
44	75
44	81
45	29
45	59
45	67
45	72
46	5
46	8
46	34
46	70
46	96
47	9
47	14
47	28
47	40
47	58
48	2
48	23
48	23
48	48
48	58
48	64
48	92
48	96
48	100
49	9
49	13
49	15
49	28
49	49
50	14
50	17
50	32
50	55
50	86
50	89
51	23
51	40
51	47
51	55
51	72
51	77
52	17
52	86
53	43
53	43
53	53
53	60
53	79
53	83
54	32
54	79
54	90
55	13
55	25
55	49
55	92
56	54
56	71
56	89
57	16
57	38
57	41
57	47
57	49
57	51
57	73
57	81
57	89
58	10
58	11
58	15
58	33
59	9
59	25
59	34
59	45
59	59
59	78
60	72
61	39
61	41
61	49
62	18
62	34
62	39
62	70
62	84
63	8
63	9
63	9
63	45
63	50
63	51
63	52
63	54
63	60
64	29
64	34
64	53
64	56
64	73
64	83
64	89
64	95
65	14
65	37
65	38
65	63
66	22
66	26
66	52
66	69
67	37
67	38
67	38
67	40
67	60
68	20
68	34
68	45
68	52
68	88
68	93
68	94
68	96
69	6
69	47
69	64
69	74
69	100
70	27
70	29
70	90
71	20
71	61
71	65
71	72
71	84
71	84
72	21
72	48
72	84
73	5
73	27
73	52
73	60
73	80
74	22
74	27
74	52
74	57
74	88
75	20
75	22
75	31
75	48
75	61
75	64
75	83
75	100
76	32
76	44
76	48
76	68
76	85
76	89
77	12
77	19
78	5
78	6
78	10
78	28
78	55
78	56
78	57
79	5
79	48
79	70
79	72
79	92
79	99
80	48
80	63
80	74
81	25
81	49
81	88
82	29
82	89
82	96
83	24
83	39
83	53
83	53
84	11
84	36
84	39
84	83
84	96
84	97
84	100
85	49
85	57
85	62
85	82
86	3
86	20
86	33
86	52
86	58
86	64
86	65
86	69
86	85
86	98
87	6
87	30
87	40
87	53
87	78
87	97
88	58
88	90
89	25
89	35
89	52
89	63
89	78
89	83
90	34
90	76
91	16
91	20
91	50
91	59
91	65
91	96
91	100
92	25
92	61
92	64
93	37
93	77
93	79
94	25
94	43
94	54
94	55
94	59
94	66
94	85
94	92
94	95
95	36
95	48
96	2
96	18
96	75
96	77
96	96
96	96
96	99
97	82
97	93
98	8
98	15
98	51
99	24
99	50
99	52
99	65
99	81
99	94
99	97
100	30
100	59
100	98
101	17
101	21
101	46
101	73
102	44
102	80
102	99
103	27
103	45
103	51
104	3
104	5
104	38
104	46
104	61
104	68
105	12
105	52
105	77
106	7
106	16
106	51
106	91
106	97
106	100
107	30
108	4
108	14
108	22
108	51
108	60
108	98
109	6
109	8
109	56
109	66
110	6
110	10
110	14
110	22
110	32
110	38
110	46
110	54
110	97
110	97
111	29
111	37
111	79
111	92
111	93
111	98
112	33
113	56
113	57
113	63
113	94
113	95
114	7
114	34
114	55
114	66
114	89
115	52
115	78
116	32
117	10
117	36
117	93
117	93
117	99
118	31
118	96
119	20
119	75
119	78
120	25
120	28
120	31
120	82
120	92
120	98
121	39
121	68
121	81
122	51
122	85
123	36
123	58
123	75
123	78
123	90
124	2
124	28
124	29
124	52
124	98
124	100
125	5
125	15
125	15
125	55
125	69
126	5
126	9
126	13
126	41
126	47
126	77
126	92
127	10
127	25
127	52
127	63
127	76
127	94
128	2
128	16
128	19
128	57
128	62
128	70
128	96
129	26
129	62
129	81
129	96
129	99
130	12
130	18
130	29
130	38
130	41
130	43
130	50
130	67
130	74
130	88
131	60
132	67
133	9
133	45
133	52
133	87
134	8
134	23
134	71
134	97
135	31
135	51
135	86
136	47
137	6
137	76
138	9
138	63
138	79
138	100
139	26
139	30
139	43
139	56
139	59
140	65
140	68
140	83
141	21
141	67
142	3
142	6
142	23
142	47
142	48
142	80
143	6
143	10
143	13
143	35
143	54
143	80
144	1
144	22
144	46
144	77
144	82
144	86
144	88
145	14
145	28
145	77
145	82
146	11
146	18
146	23
146	66
146	79
146	80
147	2
147	20
147	32
147	56
147	92
147	92
147	97
148	36
148	44
148	49
148	91
149	35
149	52
149	58
149	68
149	71
149	94
150	8
150	25
150	27
150	58
150	73
150	75
151	39
151	49
151	52
151	84
152	38
152	52
152	69
153	30
153	31
153	46
153	65
154	23
154	53
154	54
154	81
154	86
154	86
155	12
155	19
155	30
155	32
155	64
155	100
156	29
156	29
156	47
156	81
156	99
157	16
157	41
157	59
157	85
157	92
158	5
158	42
158	47
158	59
158	80
158	92
158	94
159	15
159	23
159	35
159	63
159	73
160	21
160	23
160	27
160	33
161	18
161	27
161	52
161	56
161	69
161	76
161	89
162	12
162	19
162	28
162	28
162	46
162	62
162	65
162	82
162	89
163	18
163	61
164	26
164	40
164	49
164	71
164	98
165	15
165	47
165	50
165	64
165	87
165	100
166	10
166	31
166	41
166	46
166	52
166	60
166	62
166	69
166	77
166	96
166	96
167	11
167	13
167	28
167	28
167	46
167	47
167	53
167	89
167	98
168	6
168	53
168	93
169	20
169	87
169	100
170	5
170	34
170	71
170	74
170	80
170	89
171	47
172	6
172	21
172	22
172	25
172	31
172	51
172	84
173	39
173	42
173	47
173	61
173	79
174	2
174	10
174	24
174	74
174	77
174	88
175	11
175	40
175	49
175	72
176	8
176	74
176	78
176	79
177	29
177	29
177	31
177	34
177	53
177	64
177	68
177	74
177	74
178	9
178	23
178	28
178	36
178	69
178	74
179	1
179	3
179	23
179	28
179	70
179	76
179	82
179	84
179	86
180	12
180	35
181	22
182	39
182	46
182	49
182	67
182	69
182	73
182	96
182	99
183	13
183	21
183	25
183	44
183	57
183	62
183	75
184	40
184	53
184	78
185	7
185	34
185	37
185	37
185	51
185	81
185	95
185	95
186	5
186	9
186	18
186	21
186	41
186	44
186	47
186	53
186	89
187	25
187	65
188	7
188	13
188	14
188	17
188	28
188	31
188	86
189	15
189	28
189	50
189	53
189	66
189	82
189	88
190	51
190	67
190	72
190	73
190	81
191	34
191	39
191	47
191	59
191	69
191	75
191	89
192	16
192	74
192	91
193	4
193	14
193	17
193	42
193	45
193	55
193	71
194	4
194	4
194	29
194	51
194	54
194	97
194	97
195	25
195	26
195	27
195	27
195	52
195	63
195	66
195	70
195	71
196	22
196	30
196	37
196	51
196	53
196	56
196	78
197	47
197	51
197	82
197	95
197	97
197	97
198	4
198	11
198	35
198	63
199	1
199	2
199	14
199	76
199	95
200	13
200	66
200	75
200	87
200	90
201	13
201	17
201	26
201	41
201	54
201	65
201	81
201	89
202	2
202	9
202	33
202	93
203	7
203	35
203	92
204	43
204	74
204	76
204	95
205	16
205	35
205	56
205	66
205	66
206	12
206	29
206	48
206	49
206	72
206	83
206	100
207	61
208	38
208	42
208	44
208	78
208	80
208	94
208	99
209	4
209	81
209	97
210	27
210	50
210	68
210	68
210	85
210	92
210	97
211	9
211	77
212	3
212	6
212	35
212	45
212	50
212	68
212	77
212	78
212	83
212	83
212	92
212	95
213	7
213	48
213	93
213	94
214	8
214	22
214	37
214	46
214	97
215	14
215	51
215	64
215	66
215	66
215	82
216	47
216	75
216	87
216	100
217	6
217	18
217	91
217	94
218	11
218	57
218	74
218	78
218	98
219	6
219	14
219	16
219	39
219	41
219	92
220	43
220	43
220	72
220	76
220	79
220	90
220	97
221	9
221	14
221	33
221	34
222	22
222	47
222	68
222	81
222	87
223	29
223	56
223	56
223	61
223	71
223	97
224	6
224	20
224	44
224	64
224	85
225	6
225	26
225	29
225	42
225	47
225	66
225	88
225	95
226	40
226	61
226	87
226	89
226	89
227	8
227	13
227	20
227	31
227	39
227	53
227	54
227	68
227	88
228	43
228	60
229	14
229	19
229	37
229	40
229	66
230	8
230	28
230	59
230	62
230	82
231	29
231	42
231	80
231	96
232	3
232	35
232	42
232	78
233	11
233	12
233	17
233	26
233	32
233	43
233	82
233	86
234	43
234	59
234	62
234	80
235	28
235	62
236	28
236	38
236	50
236	64
236	71
236	73
236	91
237	31
237	36
237	75
237	78
237	86
237	100
238	25
238	50
239	17
239	45
239	60
240	52
240	78
241	5
241	18
241	40
241	67
241	71
241	77
241	86
241	88
241	99
242	93
243	22
243	44
243	61
243	66
243	70
243	95
243	100
244	14
244	76
244	81
245	31
245	43
245	73
246	61
247	15
247	36
247	97
247	97
248	6
248	23
248	31
248	62
248	62
248	79
248	88
248	92
249	13
249	40
249	47
249	62
249	76
249	88
249	97
249	97
250	62
250	63
250	72
250	84
250	93
251	4
251	40
251	51
251	79
251	82
251	89
252	14
252	54
252	80
252	83
253	30
253	100
254	24
254	25
254	47
254	53
254	63
254	93
255	11
255	33
255	46
255	65
255	71
255	72
255	96
256	19
256	21
256	45
256	71
256	74
256	99
257	11
257	23
257	38
257	53
258	16
258	40
259	1
259	33
259	44
259	88
259	99
260	5
260	14
260	16
260	37
260	74
261	8
261	19
261	26
261	26
261	42
261	47
261	49
261	56
261	61
262	37
262	41
262	43
262	63
262	80
263	7
263	8
263	37
263	49
263	66
263	66
263	81
264	4
264	26
264	51
264	70
264	84
264	100
265	3
265	11
265	16
265	17
265	22
265	41
265	80
266	6
266	47
266	67
266	78
266	82
266	84
266	92
266	98
266	99
267	3
267	73
268	17
268	29
268	72
268	91
269	2
269	16
269	35
269	43
269	66
269	70
269	98
270	4
270	10
270	18
270	18
270	49
270	80
271	12
271	53
271	83
272	1
272	20
272	37
272	68
272	81
273	5
273	33
273	46
273	53
273	65
273	68
273	86
274	9
274	21
274	32
275	32
275	44
275	86
275	94
276	6
276	9
276	45
276	74
276	86
277	5
277	11
277	30
277	43
278	14
278	40
278	55
278	74
280	23
280	66
280	68
280	72
280	97
281	22
281	24
281	34
281	44
281	64
281	71
282	44
282	48
282	68
282	69
283	22
283	29
283	63
283	87
283	87
283	90
284	3
284	5
284	6
284	20
284	24
284	34
284	54
284	75
285	12
285	69
285	71
285	77
286	19
286	50
286	77
286	92
287	19
287	30
287	34
287	40
287	60
288	40
288	46
288	57
288	83
288	87
288	100
289	30
289	32
289	53
289	58
289	82
290	11
290	12
290	59
290	80
290	93
291	22
291	25
291	90
292	2
292	18
292	19
292	62
292	90
292	94
293	7
293	7
293	66
293	88
294	35
294	66
295	2
295	3
295	10
295	44
295	59
295	77
295	84
296	8
296	28
296	65
296	65
296	89
296	100
297	28
297	29
297	32
297	32
297	39
297	44
297	81
297	82
297	86
297	95
298	59
298	68
298	73
298	92
299	3
299	11
299	14
299	17
299	27
299	43
299	50
299	79
300	11
300	17
300	85
300	88
301	59
301	95
302	34
302	50
302	66
302	91
303	8
303	19
303	44
303	96
304	9
304	13
304	22
304	23
304	47
304	63
304	65
304	93
305	21
305	83
306	33
306	54
307	29
307	44
307	57
307	95
308	50
308	62
309	24
309	38
309	46
309	59
309	63
309	86
310	30
310	39
310	42
310	54
310	93
311	54
311	64
311	95
312	37
312	44
312	62
312	63
312	63
312	68
312	70
312	95
313	16
313	17
313	25
313	33
313	86
313	89
313	90
314	19
314	29
314	52
314	55
315	24
315	77
315	100
316	2
316	20
316	21
316	43
316	49
316	55
316	60
316	66
316	87
317	11
317	25
317	34
317	35
317	82
317	86
318	26
318	34
318	54
318	56
318	62
319	14
319	29
319	33
319	39
319	80
319	82
319	87
320	23
320	27
320	41
320	51
320	52
320	58
320	74
320	88
321	12
321	24
321	35
321	78
321	84
321	97
322	66
322	76
322	82
323	20
323	42
323	53
323	66
323	67
324	6
324	8
324	11
324	19
324	35
324	54
324	63
324	90
325	47
325	55
325	78
325	98
325	100
326	26
326	30
326	67
326	82
326	86
328	1
328	13
328	24
328	56
328	57
328	59
329	31
329	55
329	67
329	78
329	85
330	28
330	35
330	37
330	66
331	15
331	34
331	44
331	68
331	96
332	9
332	20
332	26
332	49
332	54
332	72
333	46
333	55
333	81
334	4
334	16
334	17
334	45
334	50
334	81
335	19
335	26
335	28
335	53
335	69
335	86
335	95
336	18
336	22
336	29
336	68
337	35
337	54
337	65
337	82
338	17
338	31
338	97
339	4
339	5
339	72
339	77
340	17
340	25
340	45
340	47
340	50
340	72
341	12
341	53
341	99
342	10
342	51
342	95
343	19
343	23
343	42
343	47
343	69
343	74
343	75
344	2
344	68
344	76
345	7
345	28
345	28
345	39
345	42
345	61
345	82
346	16
346	43
346	61
346	77
346	87
347	21
347	29
347	75
348	23
348	62
349	14
349	16
349	23
349	27
349	46
349	50
349	86
349	96
349	100
349	100
350	63
350	95
351	12
351	37
351	69
351	77
351	89
352	15
352	30
352	36
352	67
352	71
352	89
353	13
353	40
353	42
353	63
353	100
354	67
354	68
354	87
355	10
356	41
356	67
356	68
356	83
356	90
356	93
356	96
356	99
357	13
357	15
357	29
357	38
357	43
357	57
357	59
357	62
357	67
357	80
357	97
358	56
358	73
358	79
358	98
359	13
359	14
359	35
360	7
360	38
360	62
360	66
361	8
361	13
361	13
361	21
361	44
361	55
361	61
361	100
362	2
362	17
362	24
362	56
362	75
362	78
362	94
362	95
363	47
363	48
363	51
364	3
364	32
364	94
365	12
365	18
365	20
365	59
365	77
365	78
366	6
366	53
366	56
367	35
367	35
367	37
367	98
368	3
368	52
368	93
368	95
369	14
369	18
369	19
369	57
369	59
369	89
370	21
370	22
370	33
370	72
370	86
370	88
371	7
371	32
371	49
371	55
371	58
371	65
371	80
371	94
372	1
372	18
372	71
372	76
372	77
373	23
373	31
373	40
373	85
374	16
374	24
374	60
374	91
375	24
375	33
375	40
375	99
376	27
376	41
376	55
377	17
377	59
377	85
377	100
379	4
379	20
379	27
379	42
379	51
379	75
379	86
380	15
380	20
380	31
380	34
380	61
380	69
380	74
380	86
380	87
380	91
380	99
381	17
381	32
381	35
381	56
381	70
381	93
382	83
382	83
382	94
382	95
382	97
383	4
383	34
383	39
383	46
383	68
383	75
384	16
384	41
384	60
384	61
385	41
385	41
385	45
385	56
385	90
386	5
386	11
386	72
386	89
387	21
387	37
387	50
387	90
388	19
388	58
388	69
388	92
389	46
389	47
389	48
389	84
390	23
390	32
390	47
390	52
390	60
390	66
391	32
391	40
391	56
391	73
392	7
392	9
392	18
392	18
392	29
392	47
392	62
393	3
393	21
393	23
393	84
394	23
394	25
394	26
394	89
394	95
395	1
395	3
395	19
395	57
395	85
395	98
396	7
396	12
396	41
396	47
396	50
396	83
397	12
397	26
397	26
397	32
397	40
397	63
397	90
398	34
398	82
398	88
398	93
399	16
399	51
399	57
399	82
400	3
400	13
400	18
400	74
400	74
400	83
401	23
401	27
401	28
401	89
402	2
402	14
402	19
402	34
402	60
402	79
402	94
403	11
403	12
403	54
403	78
403	78
403	86
404	32
404	40
404	100
405	4
405	25
405	49
405	54
406	4
406	6
406	9
406	40
406	53
406	55
406	68
406	90
406	95
407	2
407	35
407	38
408	26
409	3
409	13
409	19
409	23
409	32
409	36
409	44
409	44
409	85
410	43
410	54
410	70
410	79
410	93
411	15
411	21
411	29
411	39
411	42
411	95
412	40
412	47
412	69
412	76
412	80
412	93
412	94
413	24
413	60
413	64
413	64
413	65
413	92
414	29
414	33
414	38
414	41
414	50
414	82
414	88
415	10
415	13
415	15
415	36
415	43
415	56
415	58
415	68
415	87
415	96
416	83
417	3
417	20
417	30
417	33
417	45
417	83
417	92
418	9
418	47
418	54
418	56
418	58
418	67
419	3
419	6
419	47
420	21
420	28
420	57
420	64
420	69
420	91
421	10
421	22
421	24
421	24
421	82
422	8
422	23
422	39
422	53
422	53
422	56
423	5
423	68
423	68
423	78
424	67
424	87
424	100
425	42
425	70
426	27
426	36
426	39
426	40
426	64
426	74
427	5
427	8
427	8
427	70
428	15
428	22
428	26
428	29
428	82
428	90
429	4
429	12
429	17
429	21
429	30
429	84
430	11
430	40
430	45
430	59
430	100
431	5
431	32
431	51
432	15
432	29
432	36
432	40
432	43
432	45
432	53
433	19
433	78
434	8
434	39
434	46
434	56
434	92
435	6
435	16
435	17
435	17
435	41
435	53
435	54
435	66
435	95
436	6
436	24
436	86
437	19
437	70
437	100
438	4
438	7
438	25
439	4
439	35
439	49
439	67
440	2
440	12
440	76
440	78
440	81
440	83
440	89
441	5
441	22
441	23
441	36
441	45
441	49
441	76
441	83
441	97
442	9
442	21
442	37
442	63
442	81
442	87
443	33
443	42
443	45
443	60
443	75
443	79
443	81
444	21
444	26
444	30
444	32
444	33
444	42
444	52
444	61
444	79
444	91
444	93
444	98
445	46
445	62
446	29
446	40
446	83
446	96
446	97
447	3
447	10
447	30
447	35
447	37
447	49
447	72
448	13
448	18
448	67
448	70
448	86
448	94
448	97
448	100
449	2
449	14
449	14
449	65
449	69
449	77
450	2
450	27
450	72
451	16
451	23
451	26
451	33
451	40
451	57
451	77
451	93
452	16
452	22
452	58
452	75
452	92
453	23
453	48
453	83
453	84
454	8
454	15
454	41
454	62
454	81
454	83
454	97
455	4
455	28
455	44
455	44
455	50
455	71
455	81
456	12
456	36
456	55
456	66
456	72
457	6
457	8
457	11
457	29
458	6
458	16
458	25
458	62
458	65
458	91
458	95
458	95
459	1
459	6
459	68
459	69
459	70
459	78
459	88
459	95
460	17
460	38
460	58
460	73
460	77
460	99
461	1
461	2
461	16
461	22
461	24
461	27
461	47
461	60
461	79
462	27
462	46
462	57
463	25
463	57
463	89
464	3
464	39
464	59
464	93
465	11
465	36
465	74
465	82
465	94
466	55
467	6
467	68
467	86
467	88
467	100
468	14
468	17
468	27
468	45
468	51
468	52
468	61
469	16
469	48
469	76
470	53
470	60
470	87
470	94
471	32
471	47
471	48
471	99
472	22
472	29
472	52
472	77
473	15
473	69
473	82
474	4
474	36
474	46
475	17
475	40
475	69
475	74
475	76
475	94
476	3
476	10
476	13
476	16
476	78
476	79
476	83
476	95
477	4
477	26
477	42
477	58
477	71
478	8
478	11
478	18
478	27
478	28
478	28
478	63
479	6
479	15
479	31
479	37
479	65
479	82
479	91
480	30
480	81
480	85
481	3
481	16
481	34
481	50
481	65
481	76
482	14
482	71
482	96
483	5
483	26
483	46
483	60
483	85
483	89
483	97
484	4
484	35
485	3
485	37
485	96
485	100
486	21
486	35
486	96
487	20
487	40
487	66
487	92
487	92
488	8
488	18
488	32
488	50
488	72
488	83
488	88
489	2
489	12
489	19
489	46
489	87
490	1
490	35
490	53
490	86
490	96
491	8
491	56
491	68
491	68
491	74
491	97
492	24
492	91
493	15
493	69
494	16
494	23
494	38
494	40
494	47
494	59
494	59
494	80
494	87
495	2
495	2
495	21
495	31
495	52
495	71
496	17
496	28
496	69
496	72
496	84
497	9
497	42
497	54
497	79
497	92
497	94
498	8
498	11
498	54
499	78
499	81
499	100
500	32
500	33
500	34
500	41
500	43
501	10
501	16
501	20
501	29
501	81
502	3
502	11
502	26
502	39
502	45
502	49
502	51
502	78
502	94
503	7
503	28
503	38
503	44
504	28
504	43
504	66
505	5
505	8
505	20
505	38
506	44
506	60
506	89
506	97
507	6
507	16
508	31
508	48
508	55
508	55
508	74
508	74
508	75
508	86
508	95
508	99
509	90
510	3
510	8
510	73
510	78
511	49
511	65
511	76
511	76
511	95
511	99
511	100
512	35
512	64
512	81
513	41
513	44
513	74
514	2
514	56
514	65
514	68
514	71
514	83
515	7
515	32
515	84
515	84
516	4
516	12
516	50
516	60
516	71
517	2
517	16
517	21
517	56
517	57
517	57
517	100
518	11
518	35
518	51
518	65
518	67
518	78
518	82
518	85
519	6
519	12
519	25
519	65
519	91
520	13
520	44
520	45
520	52
520	79
520	79
520	80
520	81
520	87
521	16
521	51
521	56
521	66
522	27
522	31
522	34
522	45
522	72
522	88
523	92
524	3
524	8
524	20
524	27
524	57
524	71
524	97
525	4
525	8
525	9
525	34
525	43
525	55
525	80
526	7
526	38
526	53
526	85
526	85
527	12
527	17
527	38
527	55
527	69
527	95
528	49
528	92
529	8
529	14
529	72
530	20
530	91
531	17
531	30
531	92
532	39
532	67
532	82
532	89
533	21
533	48
533	86
533	87
533	97
534	3
534	4
534	13
534	43
534	59
534	61
534	82
534	95
535	3
535	13
535	29
535	42
535	47
535	84
535	85
535	100
536	10
536	17
536	27
536	53
536	54
536	59
537	43
537	45
537	70
537	74
537	79
538	27
538	40
538	44
538	49
538	73
538	96
539	28
539	51
539	59
539	62
539	63
539	73
540	16
540	25
540	59
540	90
540	92
540	97
541	28
542	6
542	31
542	36
542	38
542	40
542	81
542	83
543	12
543	17
543	41
543	83
544	37
544	46
544	48
544	60
544	64
544	76
544	85
545	25
545	25
545	40
545	45
545	79
545	88
545	100
546	10
546	21
546	45
546	69
546	98
547	24
547	50
547	71
547	75
547	94
547	100
548	15
549	21
549	25
549	37
549	38
549	48
549	56
549	67
550	49
550	59
551	20
551	35
551	42
551	52
551	64
551	68
551	74
552	24
552	31
552	33
552	33
552	63
552	76
552	76
553	11
553	70
554	8
554	17
554	57
554	66
554	90
554	92
555	23
555	35
555	63
555	87
555	88
555	90
555	98
556	60
556	87
557	31
557	35
557	70
557	80
557	86
557	90
557	97
558	23
558	50
558	60
558	75
558	92
559	11
559	13
559	14
559	22
559	24
559	72
559	84
559	95
560	38
560	70
560	94
560	96
561	7
561	57
561	73
562	26
562	30
562	52
562	63
562	84
562	96
562	99
563	13
563	25
563	48
563	51
564	8
564	20
564	38
564	60
564	75
564	82
565	37
565	59
565	62
565	64
565	81
565	100
566	3
566	38
566	58
566	79
566	91
566	93
566	98
567	30
567	52
567	55
567	82
568	27
568	48
568	51
568	59
568	64
568	69
568	73
569	3
569	11
569	21
569	33
569	59
569	96
570	28
570	49
570	51
570	51
570	58
570	86
571	68
572	32
572	91
572	92
573	84
573	91
573	91
574	6
575	39
575	57
575	63
575	72
575	91
575	91
576	9
576	51
576	58
576	62
576	91
576	93
576	100
577	1
577	17
577	51
577	69
578	5
578	5
579	2
579	12
579	64
579	72
579	95
580	10
580	26
580	46
580	51
580	63
580	92
581	10
581	23
581	25
581	54
581	64
581	76
582	1
582	5
582	38
582	41
582	43
582	47
583	6
583	25
583	28
583	51
583	52
583	70
583	71
584	5
584	14
584	31
584	37
584	53
584	79
584	98
585	22
585	30
585	36
585	40
585	45
585	49
585	54
585	70
585	73
586	59
586	65
586	71
586	83
586	92
587	14
587	19
587	88
587	94
587	97
587	100
588	45
588	85
589	15
589	22
589	33
589	45
589	54
589	64
589	68
589	78
589	85
589	88
590	15
590	34
590	52
590	54
590	60
591	26
591	30
591	59
591	80
591	92
592	16
592	28
592	78
592	91
593	3
593	24
593	26
593	27
593	28
593	58
593	97
594	55
594	57
594	62
594	90
595	35
595	50
595	55
595	58
596	62
596	85
596	93
597	44
597	55
597	80
598	25
598	89
599	4
599	37
599	40
599	63
600	21
600	34
600	51
600	62
600	70
600	93
600	98
601	4
601	29
601	38
601	45
601	75
601	76
601	96
602	4
602	32
602	73
602	94
602	97
603	55
604	10
605	12
605	12
605	39
605	43
605	53
605	54
605	69
605	99
606	8
606	9
606	21
606	48
606	50
606	80
607	16
607	79
607	94
608	1
608	34
608	50
608	55
608	70
608	90
608	93
609	53
609	61
609	77
609	78
610	16
610	20
610	42
610	43
610	64
610	72
611	2
611	9
611	33
611	40
611	46
612	7
612	26
612	60
612	60
612	61
612	78
613	52
613	66
613	67
613	91
614	33
614	58
614	61
614	68
614	75
614	98
614	99
615	20
615	53
615	67
615	71
616	2
616	55
617	4
617	37
617	39
617	54
617	58
618	17
618	18
618	19
618	23
618	24
618	33
618	44
618	48
618	64
618	70
618	81
618	83
618	86
619	10
619	23
619	41
619	75
619	89
620	11
620	20
620	42
620	52
620	56
620	56
620	58
620	75
620	81
620	94
621	1
621	17
621	35
621	58
621	97
622	8
622	44
622	62
622	77
622	85
622	98
623	2
623	22
623	22
623	65
624	23
624	49
624	62
624	67
624	75
624	80
624	87
624	88
624	90
624	94
624	96
625	3
625	22
625	49
625	55
626	28
626	52
627	12
627	29
627	47
628	14
628	100
629	1
629	4
629	16
629	60
629	62
629	64
629	96
630	3
630	18
630	51
630	88
631	14
631	16
631	21
631	61
631	74
631	86
631	91
632	15
632	19
632	30
632	60
632	67
632	68
632	80
632	84
632	97
633	2
633	38
633	53
633	54
633	80
633	85
633	97
634	8
634	12
634	52
634	73
634	93
634	98
635	53
635	65
635	82
635	86
635	91
636	27
636	48
636	86
636	90
637	20
637	23
637	62
637	66
637	74
637	84
637	88
638	18
638	24
638	65
638	71
639	4
639	7
639	37
640	4
640	12
640	34
640	53
640	95
640	96
641	31
642	12
642	14
642	18
642	22
642	40
642	44
642	82
642	100
643	47
643	57
643	70
643	89
644	12
644	17
644	63
644	66
644	75
645	40
647	17
647	24
647	46
647	47
647	70
647	81
648	17
648	76
648	97
649	48
650	15
650	63
650	80
650	84
651	16
651	25
651	57
651	59
651	67
652	1
652	5
652	12
652	13
652	46
652	49
652	69
653	2
653	5
653	12
653	21
653	72
653	83
653	84
654	42
654	46
654	56
654	99
655	14
655	48
655	67
655	86
655	90
657	16
657	33
657	47
657	66
657	73
657	75
658	3
658	9
658	22
658	31
658	51
658	63
658	69
658	73
659	2
659	10
659	16
659	21
659	28
659	28
659	41
659	53
659	59
659	73
660	18
660	54
660	89
660	94
661	36
661	47
662	9
662	27
662	51
662	59
662	69
662	84
663	8
663	27
663	28
663	29
663	58
663	80
664	25
664	62
664	83
664	91
664	97
665	74
666	59
666	61
666	85
666	98
667	11
667	17
667	25
667	88
667	90
668	66
668	88
668	93
668	94
669	31
669	36
669	65
669	89
669	96
670	54
670	66
671	31
671	31
671	52
671	64
671	74
671	94
672	9
672	26
672	29
672	45
672	65
672	72
673	40
673	41
673	77
673	85
674	36
674	48
674	55
674	55
674	74
675	21
675	34
675	78
675	81
676	10
676	16
676	30
676	56
676	92
677	31
677	33
677	33
677	68
677	69
678	1
678	6
678	26
678	26
678	34
678	69
678	80
679	22
679	42
679	59
679	84
679	89
680	35
680	40
680	52
680	63
680	72
680	81
681	29
681	38
681	64
681	84
682	10
682	56
682	81
683	15
683	35
683	46
683	72
683	75
683	85
684	14
684	64
684	68
684	85
684	88
685	39
685	67
685	100
686	23
686	32
686	47
686	49
686	53
686	90
687	38
687	40
687	65
687	78
687	92
688	20
688	46
688	47
688	97
688	98
689	5
689	12
689	13
689	45
689	73
690	1
690	6
690	8
690	41
690	58
690	94
691	1
691	22
692	19
692	55
693	9
693	12
693	31
693	52
693	89
693	98
694	1
694	15
694	93
695	11
695	11
695	77
695	88
696	43
696	55
696	63
696	76
697	10
697	23
697	83
697	86
697	87
698	24
698	31
698	45
698	63
698	75
698	84
699	38
699	42
699	49
699	95
700	10
700	35
700	74
701	19
701	24
702	7
702	29
702	59
702	73
702	83
702	88
702	90
703	15
703	78
704	8
704	46
704	78
704	87
704	93
705	52
705	60
705	71
706	15
706	22
706	22
706	38
706	54
706	95
707	4
707	15
707	31
707	54
707	69
707	77
708	1
708	7
708	16
708	49
708	72
708	96
708	98
708	100
709	12
709	23
709	26
709	54
709	72
709	77
709	99
710	8
710	34
710	52
710	58
710	74
710	84
710	98
711	5
711	14
711	17
711	38
711	42
711	43
711	68
711	75
711	87
713	30
713	95
714	15
714	36
714	44
714	80
714	81
714	81
714	84
714	93
715	7
715	51
715	57
715	61
716	13
716	36
716	40
716	48
716	52
716	66
716	92
717	9
717	18
717	27
717	52
717	65
717	94
717	99
718	14
718	43
718	46
718	51
718	74
718	74
718	76
718	77
718	81
719	16
719	63
719	97
720	7
720	40
720	57
720	96
721	38
721	42
721	71
722	74
722	83
723	6
723	20
723	48
723	81
724	6
724	50
724	53
724	88
724	92
724	95
725	22
725	85
726	9
726	12
726	20
726	35
726	57
726	100
727	23
727	28
727	32
727	45
727	74
727	82
728	99
729	11
729	11
729	25
729	57
729	72
729	81
729	100
730	13
730	59
730	61
730	64
730	79
730	93
731	7
731	9
731	24
731	51
731	63
731	76
731	83
731	85
731	85
731	97
732	10
732	10
732	13
732	35
732	39
732	41
732	76
733	17
733	72
733	80
733	93
733	93
734	40
734	65
734	97
735	84
736	6
736	12
736	34
736	42
736	82
737	6
737	10
737	16
737	60
738	9
738	18
738	25
738	60
738	60
738	79
738	94
738	97
739	67
739	70
739	85
739	94
739	98
740	3
740	4
740	38
740	50
740	69
740	76
741	10
741	20
741	30
741	78
741	88
741	91
742	9
742	20
742	81
742	81
743	22
743	43
743	87
744	19
744	34
744	65
744	89
744	99
745	4
745	44
745	64
745	74
745	86
746	49
746	70
747	21
747	64
747	71
747	80
748	3
748	8
748	10
748	28
748	60
748	65
748	74
748	88
749	12
749	22
749	29
749	54
749	58
749	65
749	76
750	3
750	6
750	8
750	65
750	85
750	99
751	28
751	46
751	56
751	98
752	43
752	47
752	52
752	52
752	61
752	64
752	73
752	79
753	4
753	22
753	30
753	66
753	76
754	36
754	44
754	53
754	59
754	76
754	90
755	17
755	23
755	29
755	31
755	47
755	62
755	67
755	70
756	24
756	34
756	35
756	36
756	46
757	38
757	63
758	42
758	47
758	84
758	88
758	90
759	61
760	12
760	46
760	47
760	61
760	67
761	6
761	22
761	31
761	46
761	73
761	95
762	30
762	34
762	51
762	100
763	67
764	9
764	18
764	40
764	51
765	7
765	42
765	79
766	36
766	81
766	83
767	8
767	12
767	18
767	23
767	88
768	3
768	29
768	52
768	70
768	75
768	82
769	18
769	22
769	33
769	35
769	37
770	6
770	17
770	31
770	37
770	40
770	55
770	66
770	78
771	7
771	49
771	91
771	93
772	49
772	58
772	61
772	85
773	9
773	37
774	1
774	3
774	22
774	47
774	65
774	97
775	4
775	8
775	12
775	87
775	91
775	97
775	98
776	8
776	31
776	32
776	32
776	36
776	41
776	55
776	78
777	11
777	20
777	20
777	22
777	24
777	71
777	82
778	12
778	44
778	50
778	93
778	95
779	1
779	3
779	15
779	18
779	22
779	35
779	48
779	63
780	91
781	39
782	15
782	18
782	68
783	7
783	41
783	53
783	57
783	65
783	73
783	78
784	16
784	30
784	62
784	71
784	91
785	15
785	17
785	23
785	36
785	51
785	54
785	68
786	8
786	34
786	57
786	81
786	81
786	85
787	7
787	11
787	12
787	21
787	22
787	40
787	77
787	91
787	92
789	8
789	28
789	31
789	46
789	49
789	74
790	15
790	22
791	52
791	73
791	80
792	43
792	80
793	56
793	73
793	74
793	82
793	91
793	99
794	67
794	86
795	35
795	38
795	38
795	58
795	61
795	73
796	14
796	53
796	61
796	67
796	84
796	97
797	17
797	19
797	22
797	39
797	45
797	57
797	92
798	6
798	11
798	48
798	73
798	99
799	41
799	73
799	81
800	42
800	58
800	59
800	73
801	4
801	73
802	9
802	29
802	46
802	51
802	55
802	68
802	81
802	93
802	97
803	8
803	14
803	17
803	35
803	45
803	71
804	3
804	19
804	81
804	82
804	85
804	88
804	98
805	37
805	61
805	85
805	86
806	61
806	91
807	9
807	11
807	12
807	33
807	83
807	97
808	2
808	5
808	44
808	61
808	97
809	50
810	3
810	3
810	9
810	51
810	58
811	3
811	22
811	37
811	42
811	96
812	22
812	48
812	66
813	6
813	24
813	26
813	69
814	48
814	63
814	72
815	32
815	38
815	76
816	2
816	2
816	5
816	6
816	31
816	39
816	51
816	69
816	97
817	1
817	46
817	71
817	78
817	94
818	13
818	24
818	50
818	88
818	90
818	98
819	21
819	24
819	25
819	51
819	55
819	82
820	8
820	45
820	49
820	49
820	53
820	56
820	77
820	84
821	12
821	18
821	88
822	1
822	1
822	20
822	43
823	34
823	43
823	70
823	82
823	97
824	17
824	27
824	41
824	57
824	69
824	71
824	100
825	27
825	31
825	56
825	68
826	34
826	42
826	60
827	2
827	3
827	59
827	65
827	88
828	18
828	35
828	40
828	71
828	79
829	1
829	33
829	38
829	41
829	59
829	80
829	81
829	82
829	95
830	8
830	18
830	28
830	41
830	43
830	48
830	56
830	62
831	9
831	30
831	45
831	48
831	73
831	77
831	93
832	12
832	57
832	59
832	81
832	86
833	1
833	18
833	19
833	24
833	31
833	86
833	88
834	35
834	50
834	64
834	75
834	77
835	11
835	30
835	54
835	93
836	22
836	23
836	87
837	6
837	87
838	18
838	24
838	43
838	53
838	54
838	83
838	91
839	51
839	83
840	85
840	89
840	91
840	94
841	2
841	36
841	40
841	69
841	75
841	78
842	39
842	42
842	60
842	78
843	3
843	14
843	53
843	61
843	73
843	74
844	25
844	48
844	52
844	91
845	7
845	8
845	16
845	35
845	37
845	58
845	86
845	92
846	18
846	45
846	81
846	98
847	26
847	58
847	65
848	29
848	73
849	16
849	20
849	29
849	34
849	56
849	64
850	11
850	26
850	72
850	86
851	2
851	26
851	46
851	53
852	5
852	38
852	43
852	62
852	78
853	3
853	9
853	58
853	63
853	88
853	92
854	3
854	18
854	36
855	2
855	3
855	42
855	53
855	81
855	89
855	92
856	1
856	18
856	21
856	21
856	23
856	26
856	57
856	60
856	60
856	81
856	89
857	7
857	11
857	45
857	84
857	93
858	13
858	18
858	77
858	78
858	87
859	6
860	14
860	25
860	32
860	46
860	52
860	57
860	62
860	68
860	70
860	80
860	83
860	83
861	7
861	14
861	56
861	65
861	76
861	81
861	98
862	15
862	15
862	16
862	21
862	49
862	54
862	55
863	31
863	41
863	46
863	48
863	54
863	93
864	20
864	29
864	57
865	29
865	62
866	14
866	24
866	25
866	50
866	52
866	100
867	24
867	37
867	61
867	64
867	69
868	3
868	11
868	24
868	27
868	35
868	96
869	28
869	52
869	86
870	50
870	81
870	84
870	90
871	26
871	33
871	35
872	34
872	40
872	56
873	18
873	33
873	43
873	47
873	59
873	59
873	66
873	79
874	99
875	16
875	27
875	44
875	59
875	88
876	23
876	35
876	53
876	53
877	35
877	53
877	79
877	93
878	17
878	23
878	38
878	79
879	9
879	11
879	22
879	23
879	33
879	59
879	71
879	73
879	95
880	6
880	58
880	63
880	67
880	90
881	15
881	16
881	84
882	16
882	19
882	81
882	85
883	27
883	46
883	54
883	84
883	87
883	100
885	9
885	52
885	69
885	72
885	94
886	4
886	18
886	22
886	45
886	75
886	82
887	40
887	72
887	76
887	97
888	4
888	8
888	34
888	39
888	41
888	61
888	82
889	19
889	26
889	44
889	56
889	61
889	65
890	3
890	18
890	89
891	9
891	37
891	38
891	64
891	90
892	2
892	13
892	33
892	37
892	43
892	62
892	79
892	83
892	84
892	99
893	20
893	23
893	34
893	58
893	66
893	74
894	28
894	51
894	66
895	43
895	50
895	53
895	68
895	85
895	87
896	13
896	19
896	40
896	54
896	68
896	82
896	85
896	86
896	88
897	3
897	19
897	46
897	62
897	71
897	73
897	92
898	3
898	9
898	9
898	13
898	15
898	50
898	78
899	9
899	9
899	63
899	72
900	11
900	31
900	41
900	43
900	78
900	85
900	92
900	95
901	20
901	52
901	56
901	73
901	75
901	93
901	94
901	98
902	62
903	17
903	27
903	37
903	39
903	66
903	66
903	72
903	83
904	15
904	28
904	63
904	70
904	80
904	89
904	98
905	44
905	46
905	61
905	61
905	84
906	6
906	52
906	67
906	87
906	91
906	92
908	9
908	13
908	23
908	72
909	10
909	35
909	71
909	73
909	74
909	91
910	8
910	39
910	61
910	66
910	92
911	41
911	43
911	66
911	75
911	76
911	81
911	94
912	54
912	75
912	95
913	5
913	29
913	42
913	57
913	75
914	61
914	62
914	78
915	29
915	58
915	90
915	98
915	100
916	24
916	49
916	72
916	95
917	63
917	92
918	5
918	8
918	12
918	48
918	51
918	54
919	14
920	4
920	7
920	14
920	27
920	35
920	48
920	53
920	76
920	88
920	89
920	94
920	95
921	3
921	18
921	65
921	66
922	13
922	49
922	80
922	81
923	26
923	53
923	57
924	4
924	25
924	26
924	68
924	73
924	76
924	96
925	69
925	82
926	7
926	12
926	16
926	37
926	48
926	61
926	95
927	53
927	90
928	43
928	46
928	47
928	89
929	4
929	26
929	34
929	73
929	93
930	6
930	54
930	93
931	10
931	39
931	56
931	85
931	89
931	97
931	98
932	8
932	11
932	20
932	23
932	95
933	18
933	36
933	37
933	50
933	89
934	11
934	21
934	25
934	31
934	38
935	23
935	38
935	38
935	58
935	69
935	75
935	78
935	88
935	94
936	5
936	74
936	75
936	84
937	29
937	39
937	41
937	47
937	82
937	96
937	97
938	10
938	28
938	56
938	77
938	95
938	98
939	15
939	18
939	20
939	28
939	36
939	62
939	71
939	81
940	30
940	80
940	86
940	88
941	21
941	36
941	40
941	43
941	61
942	21
942	54
942	57
942	60
942	71
942	75
942	82
943	52
943	57
943	84
944	40
944	68
944	86
944	86
944	100
945	14
945	28
945	72
946	48
946	61
946	70
946	92
946	95
946	96
947	35
947	68
947	76
947	77
947	89
947	90
947	97
948	14
948	33
948	47
948	64
948	73
948	91
949	7
949	17
949	18
949	26
949	36
949	51
949	58
949	73
949	97
950	12
950	56
950	82
951	17
951	31
951	37
951	52
951	95
951	98
952	1
952	13
952	52
952	62
952	62
952	88
953	2
953	20
953	60
953	61
953	99
954	5
954	13
954	16
954	92
955	3
955	28
955	28
955	33
955	50
955	58
955	64
955	69
956	15
956	56
956	94
957	9
957	22
957	26
957	27
957	40
957	59
957	69
957	79
957	88
958	13
958	24
958	42
958	56
958	70
958	78
959	19
959	27
960	14
960	49
960	52
960	54
960	54
960	80
960	95
960	97
961	4
961	6
961	45
962	2
962	23
962	53
962	92
962	95
963	11
963	26
963	50
964	55
964	70
964	72
964	78
964	87
964	96
964	100
965	88
966	43
966	65
966	83
966	92
967	62
967	76
967	94
968	14
968	18
968	32
968	38
968	52
968	66
968	67
968	92
968	97
968	98
969	15
969	31
969	51
969	63
969	67
969	68
969	69
969	94
970	32
970	38
970	74
970	78
970	91
971	35
971	71
971	76
971	98
972	5
972	13
972	90
973	35
973	35
973	61
973	73
974	84
974	87
975	11
975	21
975	57
975	61
975	63
975	76
975	98
976	24
976	24
976	30
976	55
977	45
977	56
978	20
978	70
978	81
978	90
978	99
979	40
979	54
979	57
979	73
979	87
980	1
980	19
980	29
980	45
980	63
980	89
980	94
981	32
981	59
981	98
982	31
982	40
982	57
982	62
982	67
982	82
983	2
983	26
983	28
984	14
984	20
984	30
984	33
984	42
984	59
984	62
984	71
984	73
984	82
984	88
984	95
985	21
985	48
985	57
985	86
985	93
985	98
986	7
986	61
986	73
986	98
987	17
987	30
987	57
987	61
988	16
988	23
988	30
988	33
988	70
988	88
988	93
989	4
989	6
989	13
989	31
989	32
989	40
989	59
989	65
990	8
990	37
990	51
990	57
990	62
990	63
991	13
991	24
991	55
991	55
991	69
992	2
992	11
992	17
992	25
992	82
993	6
993	10
993	34
993	49
993	58
993	75
993	75
993	84
993	99
994	9
994	32
994	52
994	53
994	72
994	84
994	86
995	17
995	51
995	74
995	96
996	20
996	56
996	56
996	77
996	100
997	21
997	25
997	77
998	6
998	73
999	13
999	22
999	24
999	43
999	64
999	93
999	100
1000	18
1000	22
1000	49
1000	55
1000	57
1000	69
1000	75
1000	89
